降雨	实测流量
0	0.68
0	0.68
0	0.68
0	0.68
0	0.61
0	0.61
0	0.61
0	0.61
0	0.61
0	0.61
0	0.54
0	0.61
0	0.54
0	0.54
0	0.48
0	0.54
0	0.54
0	0.48
0	0.48
0	0.48
0	0.48
0	0.41
0	0.41
0	0.41
0.2	0.41
0	0.41
0	0.41
0	0.41
0	0.35
0	0.41
0.4	0.35
4.3	0.35
7.6	0.48
0.4	0.54
0	0.61
0	0.61
1.4	0.61
0.1	0.75
0	0.75
0	0.68
0	0.68
0	0.68
0	0.68
0.3	0.75
0	0.82
0	0.82
0	0.82
0	0.75
0	0.68
0	0.75
0	0.68
0	0.61
0	0.54
0	0.48
0	0.48
0	0.48
5.6	0.41
0.1	0.61
0.2	0.61
0	0.61
1.6	0.54
0.6	0.61
1.5	0.54
0	0.68
0	0.75
0	0.75
0	0.75
0	0.75
0	0.75
0	0.68
0	0.54
9.2	0.54
0	0.54
0	0.68
0	0.75
0	0.61
7.2	0.61
0	0.68
0	0.75
0	0.75
0	0.75
0	0.61
0	0.54
0	0.54
3.5	0.48
0	0.48
0	0.54
0	0.54
0	0.48
0	0.41
0	0.41
0	0.41
0	0.35
0	0.29
0	0.29
1.4	0.29
0	0.29
0	0.29
2.7	0.24
0.9	0.19
0	0.29
0	0.29
0	0.24
0	0.19
0.7	0.19
12.5	0.16
7.5	0.29
12	2.75
2.1	11.3
0	8.45
2.2	3.53
0	2.38
0.3	1.75
8.7	1.26
0	2.1
6.1	3.1
7	2.72
0	11.3
2.2	5.07
8.2	4.4
0.2	8.49
0	5.07
0	3.53
0	2.38
0	1.62
0	1.26
0	1.16
5.4	0.98
1.2	0.9
0	1.06
0	0.9
8.9	0.75
0	0.9
9.6	0.98
0.4	1.62
0	1.75
28.4	3.66
0	21.6
8.4	7.43
0	5.62
0	3.53
0	2.38
0	1.62
3.9	1.38
0.3	1.62
0.4	1.5
1.9	1.26
0	1.26
0	1.16
0	0.75
0	0.54
0	0.41
22	0.41
0	6.13
0.1	2.47
0.3	1.38
0	0.98
0	0.82
30.1	0.68
21	36.8
1.3	28
0	9.07
0	4.02
0	2.38
0	1.75
11.6	2.81
0	11.9
0	4.28
0	2.2
0	1.5
0	1.26
0	1.06
0	1.16
11.9	0.98
6.1	1.73
5.6	2.54
11.4	7.81
0.1	10.8
0.2	4.53
0.3	2.9
3.8	2.04
1.1	2.04
0.7	1.89
1	2.04
11.4	2.38
0	4.53
0	2.38
0	1.5
2.6	1.16
20.9	1.71
7.4	11
0	13.9
0	4.8
0	2.9
0	1.89
0	1.38
0	1.06
0	0.98
1.6	0.9
0	1.38
0	0.9
0	0.68
0	0.48
0	0.41
0	0.48
0	0.41
0.2	0.35
0	0.35
0	0.35
0.5	0.41
0	0.41
1.2	0.35
0	9.05
0	1.38
36.2	0.9
8	7.99
29.4	12.1
10.6	61.7
27.7	25.3
132.4	135
30.1	656
0.2	86.7
0	25.9
0	10.7
0	4.8
0	2.9
0	2.9
0	1.88
0	1.65
0	1.07
0	0.92
0	0.78
0	0.7
0	0.65
0	0.6
0	0.6
0	0.65
0	0.6
0	0.55
0.6	0.5
0.4	0.5
0	0.45
0	0.6
78.8	7.61
0.3	15
0	2.29
0	1.42
0	1.07
0.1	1
0	1
0	0.85
0	0.78
2.8	0.78
1	0.7
4.5	0.92
17.3	0.92
2.5	10.1
0	8.41
0	2.7
0	1.65
9.2	1.32
24.6	2.33
0.1	18
8.8	6.3
1.5	5.9
0	4.8
0	3.35
0	2.7
0.9	1.75
6.9	1.75
3	2.63
0	4.86
0	4.15
7.5	3.35
7.1	7.29
8	39.2
0	32
0	9.38
0	4.45
0.5	2.9
0	2.17
0	1.75
28.8	6.78
16.9	55.2
12.3	70.2
0.2	41.2
0.1	21.7
0	9.95
0	5.5
0	3.6
0	2.9
0	2.32
0	2
0	1.65
0	1.53
7.5	1.32
0.8	1.53
0.4	1.75
0.2	1.65
11.5	1.53
7.1	3.89
0	11.7
0	5.13
0	3.1
0	2.5
7.5	2
0.4	1.88
0	1.75
0	1.65
0	1.53
3	1.42
9.9	1.42
1.9	6.8
0.8	6.3
0	5.13
0	3.85
0	3.35
0	2.9
0	2.5
0	2.17
3.2	2
0	1.88
0	1.75
0	1.65
0	1.53
0	1.42
0	1.23
0	1.15
0	1.07
0	1.07
0	1
0	1
0	0.92
0	0.92
0	0.92
0	0.85
0	0.85
0	0.85
10.7	0.85
8.5	1.15
5.2	1.88
2.2	2
1.2	2
0.5	2.17
0	2.32
0	2.32
0	2.32
0	1.88
0	1.53
0	1.53
0	1.42
0	1.53
0	1.53
0	1.53
0	1.53
0	1.42
0	1.42
0	1.32
0	1.32
0	1.32
0	1.23
0	1.23
0	1.15
0	1.07
0	1.07
0	0.97
0	0.97
0	0.89
0	0.89
0	0.89
0	0.81
0	0.73
0	0.73
0	0.73
0	0.66
0	0.66
0	0.66
0	0.59
0	0.59
0	0.59
0	0.59
0	0.59
0	0.59
1.1	0.59
0.1	0.59
0	0.59
0	0.59
0	0.59
0	0.52
0	0.52
0	0.52
0	0.52
0	0.52
0	0.52
0	0.52
0	0.45
0	0.45
0	0.45
0	0.45
0	0.45
0	0.45
0	0.38
0	0.38
0	0.38
0	0.38
0.5	0.38
2.1	0.38
0	0.45
0	0.59
1.7	0.59
6.5	0.59
0.3	0.73
1.9	0.81
0	0.73
0.2	0.66
1.6	0.66
0	0.73
0	0.73
0	0.73
0	0.73
0	0.73
4.1	0.73
1.7	0.81
0	0.97
0	1.14
0	1.05
0	1.05
0	0.97
0	0.81
0	0.73
0.6	0.66
0.2	0.66
0	0.66
0	0.66
3.1	0.66
0.5	0.73
0	0.73
0	0.73
0	0.66
0	0.66
0.2	0.59
14	0.59
1	1.19
0	2.95
0	2.01
0	1.76
0	1.65
0.2	1.54
0	1.43
0	1.33
0	1.14
0	1.05
0.2	0.97
0	0.89
0	0.89
0	0.87
0.3	0.81
0.2	0.66
0	0.66
0	0.66
0	0.59
0	0.59
10.9	0.59
0	0.59
0	0.73
0	0.73
7.1	0.73
0.6	0.81
0	1.33
0	1.33
0	1.14
0	0.97
4.7	0.89
0	0.97
1.2	0.89
0	0.89
5.3	0.81
4	0.73
0	1.34
0	1.43
0	1.14
0	0.97
3.9	0.89
14.2	0.89
1.4	2.78
0	4.64
2.2	2.87
0	2.43
1.7	1.89
0	1.54
0	1.24
0	0.97
0.1	0.81
4.8	0.73
19.5	0.81
0	3.03
0	3.61
0	2.09
1.2	1.54
0	1.14
0	1.05
0.2	0.97
13.2	0.93
0	2.63
3.1	1.65
0.8	1.24
0	1.14
0	0.89
0	0.89
0	0.73
3.4	0.59
14.2	0.59
0	7.74
0	4.31
0	2.16
6.6	1.54
24.3	14.6
0	19.8
0	5.52
0	2.95
0	2.01
5.7	1.33
0.3	1.74
0	1.65
0	1.33
0	0.97
0	0.73
0	0.59
0	0.45
0	0.38
0	0.28
10.9	0.24
2.5	0.28
3.7	0.6
0.2	0.97
0	0.97
0.2	0.81
0	0.59
0.7	0.52
0	0.52
0	0.52
0	0.45
0	0.28
1.3	0.24
12.9	0.21
0	0.24
0	0.33
0	0.66
0	0.45
0	0.33
0	0.24
0	0.21
0	0.18
3.9	0.18
0	0.18
0	0.18
0	0.15
0	0.18
0.5	0.15
5.8	0.15
6.6	0.15
0	0.18
1.3	0.21
0.1	0.24
39.4	0.24
0.1	13.4
0.6	3.45
2.8	2.97
0	1.61
0	1.05
0	0.66
5.3	0.52
0	0.81
0	0.97
2.4	0.59
0	0.45
0	0.38
0	0.094
0	0.21
0	0.18
0	0.15
2	0.15
0	0.12
0	0.094
0	0.094
2.1	0.094
1	0.094
0	0.094
0.7	0.07
0.5	0.047
0	0.094
0	0.07
0	0.047
10.2	0.07
0	0.12
0	0.66
0	0.38
0	0.21
0	0.18
0	0.18
0.3	0.094
0	0.094
0	0.094
0.2	0.094
0	0.12
0.6	0.12
0.7	0.094
0.6	0.12
7	0.15
13.1	0.18
0	0.24
0.1	0.59
0	0.52
0	0.38
0	0.28
0	0.28
0	0.24
0	0.24
0.3	0.21
0.3	0.18
0	0.18
0	0.15
0	0.18
3.5	0.18
0.2	0.18
0	0.15
0.1	0.15
0	0.15
0	0.15
0	0.12
0	0.12
0	0.12
0.5	0.12
0	0.12
0	0.094
0	0.094
0	0.094
0	0.094
0	0.094
0	0.07
0	0.07
0	0.07
0.2	0.07
3.2	0.07
12.2	0.094
0.1	0.12
0	0.12
0.2	0.15
21.3	0.24
5.3	0.33
7.9	0.76
0	1.24
0	1.33
0.1	0.97
2.6	0.66
0	0.59
0	0.81
0	0.59
0	0.45
0	0.45
3.3	0.33
8.1	0.28
0	0.33
0	0.45
0	0.52
0	0.45
0	0.38
0	0.33
0	0.28
2.1	0.24
0	0.28
0.2	0.24
4	0.21
0	0.21
0	0.24
0	0.24
0	0.24
0.1	0.24
22.2	0.21
0.2	0.45
22.2	1.07
0.2	1.33
1.4	0.97
0	0.73
0	0.59
0	0.52
0	0.45
0	0.38
2.4	0.38
0	0.33
0	0.33
0	0.33
0	0.33
0	0.28
0	0.28
0	0.33
0	0.33
0	0.24
0	0.21
0	0.18
0	0.21
0	0.21
0	0.21
1.3	0.21
3.4	0.24
0.7	0.24
0	0.24
0	0.28
0	0.28
0	0.28
0	0.24
0	0.24
0	0.21
0	0.21
0.2	0.21
0	0.21
0	0.21
0	0.21
0	0.21
0	0.18
0	0.18
0	0.18
0.3	0.18
0	0.18
0	0.18
0.6	0.15
0	0.18
0	0.18
0	0.18
0	0.15
0	0.12
0	0.18
0	0.15
0	0.12
0	0.12
0	0.15
0	0.18
0	0.15
0	0.12
0	0.12
0	0.15
0	0.15
0	0.15
0	0.12
0	0.12
0	0.15
0	0.18
0	0.15
0	0.12
0	0.12
0.4	0.15
2.5	0.15
0	0.15
0.1	0.15
0.2	0.15
0.3	0.12
0.1	0.18
0.5	0.26
4.1	0.18
2.1	0.22
0	0.22
0	0.18
0	0.18
0	0.18
0	0.18
0	0.18
0	0.22
0	0.18
0	0.18
0	0.22
0	0.18
0	0.18
0	0.18
0	0.18
0	0.18
0	0.15
0	0.22
0	0.18
0	0.22
0	0.22
0	0.22
0	0.18
0	0.18
0	0.18
0	0.15
0	0.15
0	0.12
0	0.12
0	0.12
0	0.12
0	0.12
0	0.15
0	0.15
0	0.12
0	0.1
0	0.12
0	0.12
0	0.12
0	0.12
0	0.1
2.2	0.086
2.4	0.12
0	0.12
0	0.12
4.3	0.12
0.2	0.15
2.8	0.12
0.6	0.15
0	0.15
0	0.15
0	0.15
3	0.18
0	0.18
0	0.18
0	0.15
0	0.12
0.4	0.15
22.9	0.18
0	0.22
0	0.53
0	0.98
0	0.64
0	0.52
0.1	0.47
0.4	0.31
7.9	0.31
5.6	0.36
1.1	0.47
0	0.69
0	0.98
0	1.08
0	0.75
0	0.58
23.1	0.58
1.5	1.91
0	4.21
17.9	3.6
0	6.25
0	3.48
0	2.08
0	1.54
1.7	0.98
0	0.81
20.7	3.24
0	6.98
0.9	3.43
30.7	3.6
0	26.4
0	10.2
0.3	4.66
1.9	2.89
0	2.24
7.7	1.93
1.8	1.8
1.6	1.93
0	2.08
0	1.93
3	1.54
7.6	1.29
0	2.48
0	3.23
0	2.24
8.2	1.8
0.2	1.67
0	2.4
0	1.93
0	1.54
0	1.18
0	0.98
0.8	0.88
0	0.81
0	0.64
0	0.52
3.8	0.47
0	0.47
0	0.47
0	0.41
0	0.41
0	0.26
3.6	0.31
2.3	0.22
2.5	0.15
0	0.15
0	0.22
0	0.26
0	0.18
0	0.12
0	0.1
0	0.1
2.7	0.086
0	0.086
0	0.086
0	0.086
0.1	0.074
0.2	0.074
3.8	0.074
0	0.074
2	0.074
0.6	0.074
0.1	0.074
0	0.074
0	0.074
0	0.068
6.1	0.068
0.2	0.068
0	0.068
3.8	0.068
0.8	0.068
0	0.68
0.1	0.41
0	0.22
0	0.22
0	0.12
1.7	0.1
0	0.1
0	0.19
0	0.22
0	0.15
16.1	0.1
27.8	0.12
27.6	0.76
66.8	22.1
2	44
0	6.77
0	2.76
0	1.5
0	1.03
11.7	0.82
11.7	0.82
49.2	55
0	25.9
0	6.79
0	2.6
1.7	1.48
1.7	1.05
0.3	0.85
0	0.76
30.7	0.71
0	4.31
0	1.67
0	0.93
8.3	0.68
0	0.62
0	0.76
0	0.62
0	0.49
0	0.37
0	0.28
0	0.24
0.4	0.2
11.2	1.35
1.7	0.55
0	0.62
59.5	0.43
25.1	34.7
1.5	13.3
14	4.69
0	3.69
0	2.05
0	1.32
0	0.85
0.2	0.68
0	0.62
25.8	0.55
6.1	0.76
4.6	3.99
0	7.49
0	2.71
0	1.67
0	1.18
0	1.18
0	1.18
0	0.85
0	0.68
0	0.62
0	0.49
0	0.49
0	0.43
0	0.37
0	0.32
0	0.28
0	0.28
0	0.24
0	0.24
0	0.24
0.7	0.2
0.6	0.17
0.3	0.17
0	0.17
0.5	0.2
4	0.2
0	0.24
0	0.24
0	0.24
0	0.2
0	0.2
0	0.17
0	0.17
0	0.17
0	0.15
0.6	0.15
0	0.15
0	0.15
0	0.15
0	0.15
0	0.12
0	0.12
16.9	0.12
15.2	0.17
3.7	0.41
0	0.68
0	0.55
0	0.37
0	0.32
0	0.24
0	0.2
0	0.2
0	0.17
0	0.17
0	0.15
0	0.15
0	0.15
0	0.15
0	0.15
0.9	0.15
0	0.15
0	0.15
0	0.15
8.9	0.12
2.3	0.17
0.1	0.17
5.7	0.37
0	0.32
20.1	0.43
0	2.89
0	2.14
0	0.93
0	0.68
2.3	0.43
15.7	0.55
13.6	1.26
0	7.71
0	5.47
0	2.27
0	1.32
0	0.93
0	0.76
0	0.76
0	0.62
0	0.55
0	0.43
0	0.37
0	0.37
0	0.32
0	0.32
0	0.28
0	0.43
0	0.32
0	0.28
0	0.28
0	0.28
0	0.24
0	0.24
0	0.2
0	0.24
0	0.17
0	0.2
0	0.2
0	0.2
0	0.2
0	0.2
0	0.2
0	0.2
0	0.17
0	0.2
0	0.2
0	0.26
0	0.19
0	0.23
0	0.23
0	0.28
0	0.28
0	0.23
0	0.23
0	0.23
0	0.33
0	0.28
0	0.43
0	0.43
0	0.43
0	0.33
0	0.38
0	0.33
0	0.23
0	0.28
0	0.28
0	0.28
0	0.28
0	0.28
0	0.28
0	0.28
0	0.28
0	0.22
0	0.22
0	0.22
0	0.19
0	0.22
0	0.22
0	0.22
0	0.22
1.2	0.22
0.2	0.22
0	0.22
0	0.22
0	0.22
0	0.22
0	0.19
0	0.19
0	0.19
0	0.19
0	0.19
0	0.19
6.1	0.19
0	0.19
0	0.22
0	0.22
0	0.28
0	0.22
0	0.22
0	0.22
0	0.22
0	0.22
0.3	0.19
0.1	0.22
0.2	0.22
1	0.19
1.1	0.22
0.1	0.22
0	0.22
0	0.22
0	0.22
0	0.19
0	0.22
0	0.15
0	0.19
0	0.19
0	0.19
0	0.19
0	0.19
0	0.19
0	0.15
7.4	0.15
2.1	0.15
0	0.15
0	0.15
0	0.15
2.4	0.22
0	0.22
0	0.22
0	0.22
0	0.22
0.5	0.22
4.6	0.22
0	0.22
0	0.22
0.5	0.28
0.4	0.28
0.5	0.28
0	0.28
0	0.28
0	0.28
0	0.22
0	0.22
0.6	0.22
0.5	0.22
0	0.19
0	0.22
0	0.22
0	0.22
0	0.22
0	0.22
0	0.22
1.5	0.22
7.1	0.22
8.7	0.22
3.9	0.35
1.2	2.02
0	1.91
0	1.44
0	1.16
0	0.8
0	0.6
0	0.51
0	0.35
0	0.28
0	0.28
0	0.28
0	0.22
0	0.15
0	0.15
0.4	0.15
0	0.19
0	0.15
0	0.12
2.1	0.15
5.1	0.12
0	0.12
0	0.12
0	0.12
0	0.19
0	0.15
2.1	0.15
9.2	0.15
0	0.15
0	0.15
7.3	0.19
1.3	0.19
2.6	0.42
0	0.28
41.9	0.28
0.4	0.81
0	2.9
0	1.45
12.6	1.03
0	2.1
0	2
0	1.24
0	0.8
0	0.69
0	0.42
0	0.35
7.5	0.28
0	0.28
0	0.28
0	0.28
0	0.22
0	0.19
0	0.15
0	0.15
0	0.12
0	0.1
15.9	0.121
0.1	0.12
0	0.1
27.6	0.1
26.4	1.49
0	9.79
0	4.04
0	1.91
0	1.11
0	0.69
0	0.51
0	0.35
0	0.28
1.1	0.22
0	0.19
0	0.15
0	0.15
16.8	0.15
9.8	0.22
0	1.36
0	1.38
0	0.69
1.9	0.42
0	1.35
2.8	0.8
0	0.91
0	0.6
0	0.42
1.6	0.28
18.6	0.28
14.5	1.04
1.6	6.74
0	3.39
0.2	2
0	1.16
0.5	0.8
5.3	0.6
18.5	0.51
0.9	5.68
17.2	3.26
0.1	7.01
0	5.34
0	2.52
0	1.44
0	1.03
0	0.69
0	0.8
0	0.6
0	0.42
0.2	0.35
32	3.14
8.8	19.3
0	12
0	4.98
0	2.52
0	1.59
0	1.03
0	0.91
0	0.8
1.1	0.8
2.7	1.24
0	3.14
0	1.53
0	1.03
0	0.8
0	0.6
0	0.42
0	0.35
0	0.28
0	0.22
0	0.19
0	0.15
0	0.12
0	0.1
3.8	0.1
1.5	3.45
5.3	1.59
0.1	0.91
0	0.66
0	0.8
0	0.42
0.5	0.42
0	0.42
0	0.28
0	0.28
0	0.19
0	0.15
0	0.15
0	0.1
0	0.1
0.3	0.1
0	0.1
0	0.1
0	0.1
0	0.1
0	0.1
0	0.11
0	0.22
0	0.19
0	0.15
0	0.15
2.6	0.12
0	0.15
0	0.15
5	0.15
12.5	0.19
0	0.22
0	0.22
0	0.19
0	0.15
0	0.12
0	0.12
0.4	0.12
0.2	0.12
11.3	0.12
0	0.12
0	0.19
2.9	0.22
0.5	0.19
0	0.15
0	0.15
0	0.15
0	0.12
0	0.1
0	0.1
0	0.1
0	0.1
0	0.075
0	0.075
0.5	0.06
15.5	0.075
0.1	0.075
0.1	0.1
4.9	0.12
0.2	0.15
0	0.15
0	0.15
0	0.12
0	0.12
0	0.12
0	0.12
0	0.12
0	0.1
0	0.075
0	0.06
0	0.1
0	0.075
4.5	0.06
10.3	0.075
0	0.1
0	0.1
0	0.19
3	0.19
14.8	0.19
0	0.22
0	0.22
0	0.28
0	0.22
0	0.15
0	0.22
0	0.15
3.9	0.12
1	0.12
0	0.12
0	0.15
0.9	0.15
18.2	0.22
10.7	0.29
0.2	0.66
0	1.44
0	0.98
1.1	0.69
7.3	0.51
5.9	0.6
0.2	0.66
0	1.3
0	0.98
0.3	0.69
0	0.51
0.2	0.42
0	0.35
4.4	0.35
0.2	0.28
0	0.28
0	0.28
0	0.28
0	0.28
0	0.28
0	0.22
0	0.22
0	0.22
0	0.22
0	0.22
0	0.22
0	0.19
0	0.15
0	0.22
1	0.15
0	0.19
0	0.15
0	0.19
0	0.15
0	0.19
0	0.15
0	0.15
0	0.15
0.6	0.12
0	0.12
0.4	0.1
0	0.12
0	0.12
0	0.15
0	0.15
0	0.12
0	0.12
0	0.12
0	0.12
0	0.12
0	0.12
0	0.12
0	0.12
0	0.12
0	0.12
0	0.12
0	0.12
0	0.12
0	0.12
0	0.12
0	0.12
0.6	0.12
5.2	0.12
0	0.12
0.4	0.125
0	0.142
0	0.143
0	0.143
0	0.138
0	0.121
0	0.12
0	0.12
0	0.12
0	0.12
0	0.12
0	0.12
0	0.12
0	0.12
0.3	0.12
1.9	0.12
0.3	0.12
3	0.125
0	0.142
0	0.143
0	0.143
0	0.143
0	0.138
0	0.121
0	0.12
0	0.12
0	0.12
0.4	0.12
0	0.12
0	0.12
0	0.12
0	0.12
5.2	0.12
0	0.12
0	0.12
0	0.12
0	0.12
0	0.12
0.2	0.12
7.4	0.12
9.4	0.13
0	0.205
0.4	0.482
0	0.442
0	0.48
0	0.447
0	0.387
0	0.33
0	0.283
0	0.28
0	0.269
0	0.233
0	0.211
0	0.156
0	0.178
0	0.172
2.3	0.145
0.6	0.151
0	0.178
0.1	0.18
0	0.172
1	0.153
0	0.17
0	0.145
0	0.141
0	0.17
0	0.145
0	0.138
5.7	0.121
0	0.125
0	0.15
0	0.17
0	0.145
0	0.138
0	0.121
14.3	0.145
0.2	0.191
0	0.238
5.5	0.291
0	0.323
0	0.363
0	0.356
0.4	0.34
2.2	0.327
0	0.283
0	0.28
0	0.28
0	0.269
1	0.244
11.9	0.277
0	0.309
0	0.609
0	1.02
0	0.897
0	0.627
0	0.489
0	0.462
0	0.391
0	0.33
25.6	0.305
8.9	4.39
0	7.09
1.3	3.23
11.1	1.91
0.4	1.82
1.9	2.52
0	2.01
3.3	1.48
0	1.34
1.9	1.16
0	0.9
0	0.718
30.6	0.627
0.3	7.68
0	7.38
0	3.52
0	2.25
11	1.55
18.8	1.99
4.5	30.3
4.9	21.9
3.5	8.75
0	6.5
0	4.6
0	2.92
0	1.97
0.1	1.4
0.1	1.07
0	0.89
0	0.729
0	0.569
0	0.456
0	0.373
2.3	0.285
0	0.237
0	0.254
0	0.229
0	0.186
0	0.165
3.9	0.143
0	0.133
34.2	0.166
16	0.308
0	3.93
0	2.11
0	1.14
0	0.688
0	0.485
0	0.331
0	0.258
0	0.185
0	0.147
0	0.133
0	0.12
0	0.112
4.4	0.101
12.2	0.127
0	0.123
0	0.155
0	0.138
11	0.121
9.8	0.14
27.5	0.134
0	0.198
0	0.259
0	0.23
0	0.208
0	0.147
0	0.133
1.4	0.112
1	0.099
0	0.084
4	0.083
0.6	0.098
0	0.1
1.4	0.1
20.4	0.118
0	0.498
0	0.983
5.5	0.514
3.5	0.322
4.7	0.288
4.7	0.527
67.7	22.4
0	19.9
0	4.94
27.6	2.33
0	14.4
0	5.77
0	2.96
0	1.75
0.4	1.17
50.5	17.1
0.5	10.9
9.8	5.55
0	6.84
0.1	3.31
0	2.04
27.2	2.97
0.1	8.25
7.1	8.39
24.7	14
2.8	16.2
0	12.9
11.9	12.5
3.7	14.7
0	7.98
0	4.31
0	2.55
0	1.78
0	1.19
0	0.856
16.3	0.571
12.2	1.93
0	3.82
0	2.25
4.3	2.46
0	1.85
1.2	1.46
0	1.11
0	0.887
0	0.677
0.1	0.527
0	0.48
0	0.476
14.8	0.381
4.1	5.59
0	4.5
1.9	2.19
42	1.79
14.4	14.8
0	19.5
0	6.47
0.8	3.52
22.6	2.95
6.1	28.6
0	15
0	6.44
0	3.96
0	2.69
0	2.01
16.1	1.55
55.4	35.3
16.7	75.5
10.5	45
21.5	58.2
0	35.7
0	13.3
0.1	7.47
6.9	5.36
4.2	5.22
22.3	7.39
20	54.8
8.6	63.1
0	29.6
0	12.4
0	7.56
0.2	5.17
1.6	3.95
0	3.43
0	2.85
0	2.26
0	1.86
0	1.5
0	1.26
0	1.13
0	1.01
0	0.869
0	0.797
0	0.709
0	0.62
0	0.608
0.2	0.539
0.1	0.53
0	0.503
1.8	0.52
5	0.47
1.2	0.527
0	0.61
0	0.526
0	0.373
0	0.373
2.5	0.38
0	0.38
0	0.38
0	0.355
0	0.32
0	0.32
0	0.318
0	0.267
0	0.26
0	0.26
0	0.26
0	0.26
3.1	0.251
2.7	0.231
0	0.258
0	0.26
0	0.26
0	0.251
0	0.222
4.4	0.229
0.6	0.258
0	0.26
0	0.26
0	0.26
0	0.251
6.3	0.231
0.5	0.258
0	0.287
0	0.373
0	0.344
0	0.229
0	0.22
0	0.22
0	0.22
0	0.209
0	0.184
0	0.217
0	0.202
0	0.162
0	0.216
0	0.22
0	0.22
0	0.202
0	0.162
0	0.204
0	0.173
0.3	0.17
0.8	0.17
0	0.17
0.3	0.17
0	0.17
0	0.181
0	0.217
0	0.209
0	0.173
0	0.17
1.5	0.17
2.6	0.17
0.3	0.181
4	0.226
0	0.258
2.4	0.26
0	0.273
0	0.303
0	0.254
0	0.222
0	0.22
0	0.22
0	0.209
0	0.173
1.9	0.187
0.2	0.191
0	0.227
0	0.23
0	0.243
0	0.273
0	0.222
0	0.183
0	0.191
0	0.227
0	0.21
0	0.145
0	0.16
0	0.205
0	0.154
0	0.178
0	0.18
0	0.18
0.2	0.18
0	0.18
0	0.191
0	0.227
0	0.23
0	0.219
0	0.183
0	0.191
0	0.216
7.8	0.194
3.6	0.216
0.6	0.207
0	0.331
0	0.29
0	0.233
0	0.23
0	0.23
0	0.23
0	0.23
0	0.23
0	0.219
0	0.194
0	0.207
0	0.154
0	0.178
0	0.171
0	0.151
0	0.169
0	0.162
0.2	0.225
0	0.219
0	0.194
0	0.207
0	0.145
0	0.16
0	0.225
0	0.21
0.3	0.165
1.9	0.225
2.7	0.23
0	0.23
0	0.23
0	0.23
0	0.23
0	0.23
9.6	0.219
1.9	0.207
0	0.296
0	0.33
0.7	0.293
0	0.29
0	0.29
0.5	0.277
0.7	0.247
2.7	0.287
0	0.29
0	0.29
0	0.277
0	0.233
0	0.219
0	0.275
0	0.35
13.1	0.35
2.2	0.386
0	0.549
0	0.527
0	0.798
0	0.951
0	0.663
2.1	0.641
0	0.641
0.8	0.606
7	0.509
0	0.539
0	0.522
0	0.614
0	0.565
13.1	0.56
4.3	0.909
0	3.16
0	2.13
1.6	1.49
0	1.04
4.9	0.838
0	0.741
6.3	0.72
2.6	0.733
0	0.869
0	1.2
0	1.06
0	0.76
0	0.575
0	0.479
0	0.415
0	0.413
0	0.333
10	0.344
4.1	0.378
0	0.513
0.1	0.73
0.3	0.691
0	0.569
0	0.556
0	0.433
0	0.413
0	0.358
0	0.35
0	0.303
0.1	0.265
4.6	0.232
0	0.258
0	0.277
0	0.271
1.6	0.23
0	0.23
0	0.209
6.1	0.181
0	0.223
0	0.169
0	0.14
0	0.141
2.4	0.174
0	0.144
0	0.14
0.1	0.14
0	0.139
33.2	0.144
6.5	0.223
0	0.187
0	0.226
0	0.257
0	0.186
0	0.163
48	0.148
25	15.7
0	14.3
0	4.26
0	1.96
0	0.984
5.6	0.621
0	0.578
0	0.628
0	0.535
17.9	0.444
0.4	1.39
2	1.51
0	1.19
0	0.82
0	0.506
0.8	0.383
15.6	0.394
0.3	0.801
10.1	1.22
0.1	1.69
0	2.47
0	1.72
4.4	1.09
89	46.9
13.2	159
0.2	30.6
0	9.9
0	5
0	2.91
12.8	2.04
0.2	1.63
0	1.63
0.5	1.39
8.1	1.21
0	1.59
0	1.75
0	1.29
28.8	1.12
4.7	19
3.8	14.1
1.8	7.84
5.5	6.49
11.7	13.5
0	17.4
0	7.97
0.2	4.35
1.5	2.84
6.2	2.5
0	2.73
0	2.04
0	1.62
0	1.32
0	0.989
0	0.818
0	0.578
0	0.528
0	0.373
0	0.607
0	0.878
1.3	0.673
0.1	0.583
8.1	0.694
27.9	1.58
1.1	48.4
16	12
0.1	22.6
0	12.4
0	5.85
0	3.24
0	2.14
1.2	1.69
0.2	1.54
4	1.33
0.1	1.3
0	1.16
9	0.92
0	5.23
0.3	1.54
1.6	1.8
2.5	1.39
0	1.15
14.1	1.07
5.5	3
2.8	3.38
33.9	2.69
13.9	64.4
0	22.6
0.4	8.22
31.5	6.24
1.4	75.2
0	23.2
0	9.8
0	5.59
0	3.44
0	2.38
0.3	1.81
12.1	1.56
20	2.95
0	10.4
24	6.63
15.9	59.3
0	30.4
0	11.5
0	6.39
0	4.23
0	2.97
0	2.46
0	2.05
0	1.78
0	1.52
0	1.39
0	1.27
0	1.16
6.8	1.01
5	1.18
0	1.27
0	1.07
0	0.962
0	0.871
0	0.749
0	0.74
0	0.706
0	0.626
0	0.58
1	0.58
1.5	0.58
6.6	0.615
1.1	0.799
0	0.83
0	0.713
7.2	0.622
7.8	0.73
0.1	1.02
6.4	0.986
0.2	0.945
0	0.918
7.1	0.8
10	1.08
0	2.99
0	1.91
0	1.31
0	1.07
0	0.881
1.3	0.749
0	0.74
0	0.738
0	0.666
0	0.587
0	0.519
0	0.508
0.3	0.449
2.1	0.425
0	0.427
0.4	0.45
0	0.427
0	0.42
0	0.42
0	0.419
0	0.395
0	0.395
0	0.395
0	0.37
0	0.321
0	0.314
0	0.316
0	0.301
0	0.291
24.1	0.297
0	0.534
0	1.12
0	0.723
0	0.56
0	0.471
0	0.481
0.1	0.397
0	0.39
6.6	0.403
0	0.474
2.1	0.542
0	0.47
0	0.508
0	0.497
0	0.429
0	0.357
0.3	0.365
0	0.316
0	0.384
0	0.368
0	0.296
0	0.301
0	0.326
0	0.293
0	0.29
0	0.29
0	0.29
0	0.29
0	0.281
1.3	0.252
0.1	0.259
0	0.299
0	0.326
0	0.284
0	0.261
0	0.288
0	0.29
0	0.29
0	0.29
0	0.29
0	0.281
0	0.252
0	0.234
0	0.199
0	0.246
0	0.25
0	0.25
0	0.234
0	0.199
0	0.246
0	0.25
0.7	0.25
0	0.234
0	0.199
0.3	0.246
0	0.25
0	0.25
0	0.25
0	0.25
0	0.243
0	0.228
0	0.233
0	0.179
0	0.181
0	0.229
0	0.193
4	0.224
0	0.248
1.5	0.25
0.1	0.25
0	0.25
0.3	0.243
0	0.222
0	0.22
0	0.22
0	0.22
0	0.22
0	0.22
0	0.227
0	0.242
0	0.208
0	0.177
0	0.217
0	0.227
0	0.228
0	0.185
0	0.245
0	0.23
0.5	0.158
0	0.152
0	0.215
0	0.22
25.1	0.227
0	0.417
0	0.713
7.1	0.61
0	0.46
0	0.484
0	0.465
0	0.51
0	0.556
0	0.589
0	0.593
0	0.471
0	0.337
0.1	0.283
0	0.249
0	0.257
0	0.288
0	0.28
0	0.249
0	0.239
0	0.212
0	0.21
0	0.21
0.3	0.21
0	0.21
0	0.21
0	0.21
0	0.21
0	0.201
0	0.161
0	0.127
0	0.154
0.3	0.197
0	0.161
2.2	0.127
4.5	0.146
10.9	0.245
0.3	0.747
0	1.04
5.1	0.732
9.2	0.621
6.2	0.955
9.3	2.28
0	6.29
9.1	3.88
6.8	4.99
5.5	11.6
0	12.7
0	6.66
0	3.39
0	2.21
0.1	1.57
0	1.37
0	1.11
0	0.946
0	0.84
0	0.734
0	0.653
14.2	0.482
0	0.657
3.7	1.37
17.7	3.43
4.5	21.4
1.5	10.9
0	7.9
0	4.82
0	3.14
0	2.16
0	1.53
0	1.25
0	1.04
0	0.914
0	0.793
0	0.696
0.3	0.617
0	0.512
0	0.452
0	0.469
0	0.395
0	0.343
0	0.295
0	0.272
0	0.247
0	0.232
0	0.21
0	0.193
0	0.17
0.2	0.158
0	0.14
0	0.14
0	0.131
0	0.106
0	0.095
0	0.077
0	0.082
0	0.077
0	0.07
0	0.062
0	0.055
0	0.054
0	0.063
0	0.091
15.2	0.087
5.2	0.115
0	0.128
0	0.11
0	0.077
0	0.075
0	0.07
0	0.062
0	0.055
0	0.048
0.1	0.047
2	0.047
19.6	0.062
2	0.085
0	0.103
0	0.084
0	0.077
0	0.087
0	0.088
0	0.063
0	0.052
0	0.043
8.9	0.045
1.5	0.054
7	0.073
14.8	0.083
10.4	0.106
8.2	0.199
0	0.598
0	0.651
9	0.406
0	0.918
0	0.962
0	0.411
0	0.239
1.2	0.262
2.1	0.213
0	0.174
0	0.17
0	0.169
0	0.143
0.4	0.133
2.9	0.544
0.2	0.372
0	0.365
0	0.277
0.1	0.23
15.8	0.176
0.7	0.106
0	0.385
0.2	0.491
7.7	0.389
0	0.287
0	0.19
0	0.132
0	0.109
0	0.065
0	0.075
0	0.063
0	0.055
0	0.046
0	0.053
0	0.055
0	0.048
0	0.045
13.4	0.045
0	0.043
0	0.041
0	0.022
0	0.047
0	0.072
0.1	0.096
3.2	0.121
31.2	0.146
9	1.03
0	1.95
0.6	1.09
0	0.623
0	0.452
0	0.364
20.4	0.341
0.1	0.66
0	0.524
1.2	0.443
0	0.331
0	0.291
1.8	0.453
0.7	0.452
8.1	0.383
1.6	0.395
0	0.656
0	0.667
0.1	0.517
4.4	0.438
0.6	0.416
0	0.414
0	0.382
0	0.329
4.1	0.306
2.4	0.298
0	0.29
0	0.316
1.7	0.278
9.6	0.284
4.6	0.306
14.7	0.272
13.3	0.649
1.4	4.17
11.5	3.35
0	5.41
0	3.1
0	1.87
0	1.44
0	1.12
0	0.824
0	0.528
0	0.466
0	0.352
0	0.358
0	0.33
0	0.308
0	0.273
0	0.227
4.7	0.23
28.3	0.251
16.2	1.74
0	9.02
17.5	3.79
13.6	18.3
5	22.5
25.7	10.9
15.7	50.8
2.5	40.4
0	14.6
0	6.86
0	4.08
0	2.69
0	1.96
0	1.57
0.1	1.37
4	1.19
0	1.13
0.1	1.03
4.9	0.948
0.3	0.97
2.4	0.982
0.4	1.07
0	1.26
0	1.15
0	1.03
0	0.946
0.1	0.868
3.2	0.823
0	0.795
0	0.758
0	0.69
0	0.653
1.6	0.782
0	1.29
1	1.19
6.9	1.09
11.3	1.79
2	7.15
0.1	7.05
0	5.06
0	3.63
0	2.75
0	2.31
0	1.94
0	1.63
0.1	1.37
0	1.24
0	1.13
0	0.989
0	0.946
0	0.868
0	0.823
2.2	0.795
1.6	0.817
0	0.891
3.3	0.9
0	0.933
0	0.948
0	0.933
0	0.89
0	0.855
0	0.807
0	0.775
0	0.73
0	0.714
0	0.664
0	0.644
0	0.594
0	0.59
0	0.59
0	0.574
0	0.524
0	0.52
1.6	0.52
0.1	0.52
0	0.52
0	0.52
0	0.52
2	0.504
0	0.454
0	0.45
0	0.45
0	0.45
0	0.45
0	0.437
0	0.393
0	0.39
0	0.39
0	0.39
0	0.39
9.2	0.403
0	0.447
0	0.45
0	0.43
0	0.43
0	0.417
0	0.373
0	0.37
0	0.37
0	0.37
0	0.37
0	0.37
0	0.37
0	0.37
1	0.37
0	0.37
0	0.37
0	0.359
0	0.323
0	0.32
0	0.32
0	0.32
0	0.32
0	0.32
0	0.32
0.3	0.32
2.7	0.32
0	0.32
0.1	0.331
0	0.356
0	0.312
0	0.276
0.1	0.263
0	0.232
0	0.23
3	0.23
0.2	0.23
0.1	0.23
0	0.23
0.6	0.23
0.1	0.23
0	0.24
0	0.271
0	0.273
0	0.273
0.8	0.273
0.2	0.273
0	0.273
0	0.283
0	0.307
0.2	0.276
0	0.273
0	0.273
0	0.273
0	0.273
5.2	0.283
0	0.317
0	0.331
0	0.367
0	0.383
0.1	0.413
0	0.373
0	0.37
0	0.4
0	0.479
0.1	0.434
7.3	0.46
3.3	0.52
0	0.594
0	0.692
0	0.692
0	0.726
0	0.668
0	0.645
10.2	0.603
0	0.697
0	0.83
1.9	0.84
6.1	0.84
0.2	0.883
0.1	1.14
0	1.23
0	1.15
0.1	1.12
0.1	0.994
1.9	0.851
7.8	0.86
2.9	0.97
0	1.21
0	1.78
0	2.62
0	2.8
0	2.47
8.1	1.95
9	1.79
0	4.56
0	6.33
0	4.27
0	2.73
0	1.95
0.2	1.44
0	1.33
0	1.1
0	0.949
0	0.847
0	0.758
0	0.67
0	0.587
27.1	0.518
5.9	4.85
0	11.2
4.6	6.1
0	4.29
0	3.15
0	2.25
0	1.77
4.8	1.49
0	1.44
0	1.24
0.8	1.04
20.3	1.04
7.3	3.92
0	10.1
0	5.99
0	3.75
0	2.58
0	1.66
0.1	1.35
0	1.15
0	0.997
0.3	0.847
0	0.758
0	0.67
3.2	0.589
2.7	0.58
0	0.58
0	0.548
0	0.471
0	0.375
0	0.326
0	0.319
0	0.278
0	0.255
0	0.229
0	0.183
0	0.134
29.6	0.15
0	0.17
7.8	0.122
50.2	0.176
10.3	8.13
4.2	8.38
0	5.12
0	2.87
21.9	1.74
0	2.9
0	2.16
0	1.21
0	0.9
0	0.721
0	0.557
0	0.471
0	0.377
0.1	0.37
4.7	0.425
0	0.503
0	0.501
0	0.412
0	0.306
0	0.272
0	0.234
0	0.196
0.5	0.147
19.8	0.122
1.3	0.2
0	0.252
0	0.386
0	0.305
0	0.219
0.4	0.179
4.2	0.16
0	0.16
0	0.16
0	0.16
0	0.152
0	0.139
0	0.122
0	0.112
0	0.1
0	0.092
0	0.08
0.3	0.071
2.8	0.07
0	0.07
0	0.073
0.1	0.179
5.9	0.179
0.2	0.16
4.5	0.161
3.9	0.189
8.1	0.195
0	0.315
4	0.669
43	0.566
44.7	6
51.7	81.7
4.8	69
0	20.3
0	7.68
0	3.34
11	2.03
20.1	4.13
400.7	87
31.5	188
20.4	100
14.1	41.8
0.3	28.8
0	23.8
0.2	11.7
0	9.84
0	5.96
0	3.61
0	2.49
3.8	3.03
0	6.74
4.9	4.4
5.1	6.83
0.5	5.02
0	4
0	2.84
0	2.16
0	2.15
0	1.79
1.5	1.47
20.1	1.32
23.2	16.4
0	27.9
75.7	40.3
13.9	196
0	40.4
0.2	13.2
0.8	7.7
0	5.45
0	4.43
0	3.69
6.1	3.25
0	3.44
0	3.09
0	2.79
10.2	2.53
9.5	8.16
0.1	13.8
15.4	8.51
1	15.5
0	11.7
1.4	7.91
0	6.24
0	4.81
0	3.62
0	2.89
0	2.4
22.9	2.16
16	8.68
0.2	24.2
0	12.6
0	7.51
0.3	5.24
0	4.03
0	3.06
0	2.53
0	2.15
3.8	1.96
2.5	1.95
5.3	1.86
3.4	2.04
6.9	2.23
5.5	3.02
1.9	3.98
4.6	5.52
0.1	4.76
0	4.39
0	3.62
0	2.84
0	2.35
0	1.98
0	1.7
0	1.58
0.1	1.48
0.4	1.42
0	1.46
0	1.39
0	1.21
0	1.15
0	1.08
0	1
0	0.938
0	0.928
0	0.875
0	0.866
0	0.816
0	0.81
0	0.81
0	0.81
0.7	0.81
3.1	0.81
19	0.867
0	1.66
0	1.75
0.3	1.29
0.2	1.07
0	0.987
0.6	0.934
0.3	0.93
0.6	0.93
5.1	0.945
0	1.05
0	1.2
0	1.12
0	0.991
6.7	0.949
0	1.05
3.2	1.18
0	1.08
0	1.05
0	1
0	0.983
2.3	0.934
0.2	0.93
0	0.916
0	0.859
0	0.813
0	0.799
7.9	0.774
7.8	0.865
1.7	1.13
0	1.42
0	1.47
0.6	1.31
0	1.24
0	1.21
0	1.14
0	1.06
0	0.987
0	0.92
0	0.859
0	0.813
0	0.81
0	0.799
0	0.754
0	0.722
3.4	0.72
0.8	0.729
0	0.758
0	0.751
0	0.722
0	0.709
0	0.673
0	0.67
0	0.67
0	0.67
6	0.681
0	0.717
0	0.709
0	0.664
0	0.632
0	0.63
0	0.63
0.9	0.63
0	0.59
0.1	0.59
8.6	0.621
0	0.738
0	0.796
0	0.784
0	0.718
0	0.664
0	0.644
0	0.578
0	0.524
0	0.551
0	0.608
0	0.456
0	0.394
1.3	0.45
0	0.629
0	0.578
0	0.524
0	0.507
0	0.463
0	0.46
0	0.46
0	0.46
0	0.46
0	0.46
0	0.46
0	0.46
0	0.46
1	0.46
0.1	0.46
0	0.473
0	0.517
0	0.507
0	0.463
0	0.46
0	0.46
0	0.46
0	0.444
0	0.394
0	0.39
0	0.39
0	0.39
0	0.374
0	0.324
0.9	0.32
0	0.32
0	0.32
0	0.32
0	0.32
0	0.32
0	0.32
0	0.307
0	0.253
0	0.26
0	0.26
0	0.26
1.2	0.26
5.7	0.273
1.2	0.317
0	0.351
0	0.452
0	0.444
0	0.394
0	0.374
0	0.324
0.1	0.32
0	0.32
0	0.32
0	0.307
0	0.277
0.8	0.303
0	0.263
0	0.244
0	0.194
0	0.19
0	0.19
0	0.19
0	0.179
7.5	0.154
12.7	0.251
3.8	0.583
0.2	1.34
0	1.88
1.8	1.54
0	1.32
0	1.16
0	1.01
0	0.894
0	0.816
0	0.723
1	0.615
0	0.556
0	0.548
0	0.5
0	0.445
0	0.395
3.3	0.389
5.6	0.389
10.9	0.393
0.2	0.656
7.3	2.12
0	3.51
18.4	3.46
0.1	8.16
0	9.22
0	5.46
0.2	4.06
0.7	2.7
5.6	2.01
0	2.77
0	2.78
0	2
0	1.63
33.8	10.3
0	21
0	6.8
2.8	4.45
0	3.46
0	2.57
0	1.87
1.6	1.61
5.8	1.41
3.4	1.71
0	1.94
0	1.88
0	1.61
0	1.36
0	1.09
0	0.895
0	0.815
0	0.746
0	0.578
30	1.88
0	9.95
0	4.02
0	2.19
0	1.42
0	1.09
0	0.967
14.7	0.953
0.2	1.11
0.6	1.92
1.9	1.44
0.1	1.5
4.3	2.07
0	1.94
0	1.76
10.5	1.47
0	1.29
0	0.991
0.8	0.795
0	0.665
0	0.607
0	0.483
1	0.393
0	0.323
0	0.244
0	0.194
0	0.146
0	0.139
19.7	0.142
0	0.414
1.4	0.612
8.2	0.506
0	0.5
0	0.474
0	0.393
0.6	0.28
3.4	0.239
0	0.196
0	0.191
1.2	0.234
0.9	0.241
25.4	0.305
0.4	4.93
1.4	5.04
0	2.87
1.2	1.57
0	1.21
13.7	1.09
1.5	5.52
0	3.64
4.1	2.03
2	1.61
0.8	1.63
2.6	1.28
0	1.48
0	1.26
2.4	1.02
7.8	0.961
0.8	1.34
0	2.13
4.3	2.06
1	2.48
2.6	2.05
0	1.76
0	1.33
0	1.04
0	0.895
17.1	0.794
33.7	19.2
12.3	44.1
2.1	26.1
0	12.5
0	7.94
0	4.26
0	2.72
27.9	6.5
2	8.66
29	17.1
23.1	17
0	31.6
7.5	13.3
1.7	6.59
0	4.32
0.9	2.67
0	1.99
6	2.61
0	4.88
0.1	3.06
0.3	2.68
6.9	6.78
0	10.1
1.5	18.8
0	14.8
0	7.7
0	3.97
0.2	2.34
0.4	1.79
5.8	1.56
0	1.83
42.1	1.48
9.7	33.7
0	19.8
2.8	7.35
0	5.64
0	3.9
0	2.75
0.9	2.19
0	1.79
0	1.46
34.2	9.46
0	11.2
0	3.17
0	1.86
9.6	1.69
0	4.57
2.6	4.17
25	2.5
22.7	10.1
20	37.9
3.1	68.2
0	23.1
2	11.6
1	7.57
0	4.9
42.7	29.3
3.1	58
0	20.6
0	12.4
0	7.4
0	5.1
19.1	3.83
1.2	6.14
3.8	7.41
0.3	9.07
0	6.6
0	4.94
1.5	3.58
0.3	3
0	2.75
0	1.89
0	2.03
0	1.65
6.4	1.37
61.4	1.19
67.9	219
13	106
0	52.8
0	17.3
0	9.6
17.6	7.37
0	29.8
13	12.1
5.6	22.3
0.3	19.2
0	12.5
0.1	8.94
15.8	7.5
50.6	58.1
1	118
0.2	27.5
2.2	13.8
0.8	11.3
0	9.13
5.3	7.55
5.1	9.03
0	11.1
0	6.75
0	5.94
0	4.82
0.6	4.08
0	3.6
0	3.03
3.9	2.7
0	2.67
0	2.5
0	2.16
1.9	2.06
4.3	1.69
10.1	2.34
0	6.8
0.2	4.81
0	3.84
0	3.24
0	3.2
0	1.92
0	1.71
0	1.74
0	1.6
0	1.6
0	1.46
0.8	1.44
0	1.44
0	1.31
0	1.29
0	1.17
0	1.16
0	1.1
0	1.92
0	1.9
0	1.78
0	1.62
0	1.56
0	1.45
0	1.32
0	0.94
0	0.833
0	0.534
0	0.454
0	0.45
0	0.45
0	0.45
0	0.434
0	0.399
0	0.431
0.3	0.384
0	0.38
5.9	0.396
0	0.446
0	0.45
0	0.434
0	0.381
0	0.323
0	0.32
0	0.32
0	0.32
0	0.323
0	0.333
0	0.377
1	0.356
0	0.276
0	0.27
0	0.287
0	0.33
0	0.33
0	0.319
0	0.294
0	0.338
0	0.377
0	0.38
0	0.38
0	0.38
0	0.38
0	0.38
0	0.38
0	0.38
0	0.38
0	0.38
0	0.38
8.1	0.38
1.4	0.396
0.9	0.446
0	0.45
0	0.45
0	0.434
0	0.384
0	0.38
0	0.38
0	0.369
0	0.333
0.3	0.33
0	0.33
0	0.33
0	0.33
0	0.341
0	0.377
0	0.369
0	0.333
0	0.33
0	0.33
0	0.33
0	0.33
1	0.33
0	0.33
0	0.341
0	0.366
0	0.333
0	0.33
0	0.33
0	0.33
0	0.33
0	0.33
0	0.33
0	0.33
2.2	0.33
0.3	0.341
0	0.377
0	0.369
0	0.333
0	0.33
0	0.33
0	0.33
0	0.33
0	0.33
0	0.319
0	0.283
0	0.28
0	0.28
1.5	0.291
0.1	0.312
0	0.264
0	0.26
0.2	0.26
0	0.264
0	0.279
0.9	0.28
0.9	0.291
0	0.316
0	0.283
0	0.28
9.7	0.291
0	0.372
0	0.517
0	0.49
0	0.43
0	0.379
0.1	0.336
0	0.311
9.7	0.328
0.7	0.409
0	0.505
0	0.6
0	0.569
2.9	0.459
0	0.45
2.5	0.45
6.9	0.457
2	0.663
0.1	2.28
0	1.83
0.6	1.35
0	0.991
0	0.87
0	0.778
0	0.696
0	0.608
0	0.536
0	0.457
0	0.367
0.2	0.33
10.2	0.33
0	0.832
0	1.55
1.8	1.17
0	0.882
0	0.775
0.7	0.617
0.1	0.504
0	0.423
0	0.44
0	0.388
0	0.359
0	0.33
0	0.329
0	0.286
8.2	0.281
2.6	0.328
3.2	0.437
0	0.483
0	0.528
0	0.457
0	0.386
0	0.334
0	0.285
33.6	0.262
1.1	9.9
0	7.27
16.3	3.22
0.1	12
0	8.15
0	4.17
0	2.68
0	1.87
0	1.41
0	1.01
0.6	0.857
11.1	0.827
0	1.37
0	1.36
0	0.946
13.5	0.827
0	6.54
0	2.72
0.2	1.47
0	1.06
0	0.87
0	0.773
0	0.523
0	0.421
8.5	0.361
12.3	0.417
0	1.35
0.2	1.2
0	0.8
0	0.588
0	0.43
35.7	0.448
14.5	38.2
6.9	33
0	20.2
0	7.13
0	4.01
0	2.73
0	1.81
0	1.29
0.1	1.09
0	0.979
0	0.872
0	0.869
1.7	1.1
6	0.982
5.3	0.97
0	1.15
0	1.77
0	1.18
16.5	0.982
4.1	12.6
0.7	4.49
5.1	4.45
0	3.34
28.6	2.48
5.5	33.5
0	16.3
0	7.13
0	4.32
4.3	3.01
3.4	2.37
0	11.8
0	3.27
0	1.98
0	1.41
0	1.06
6.6	0.875
10.2	0.961
1.5	1.53
0	2.55
0	1.66
3.3	1.27
6.8	1.11
28.4	3.56
3.5	37.8
0	14
0	5.65
0	3.41
0	2.54
0	2.02
0	1.68
0	1.4
0	1.2
0.9	1.88
4	2.55
0	1.43
0	1.15
2.3	1.17
1.8	1.27
0	1.18
0.2	0.897
14.7	3.29
15.8	4.77
0	4.85
0	3.34
0	1.98
0	1.37
6.4	1.19
0.1	1.14
0.2	1.14
0.1	0.979
0	0.872
0	0.857
0.4	0.792
0	1.05
0	0.79
0	0.699
73.5	1.26
2	3.08
0.1	3.31
0	2.09
0.1	1.53
0	1.21
0	0.991
0	0.87
0.1	0.778
0.5	0.699
0	0.69
13.8	0.697
37	2.5
13.5	31.5
0.2	18.1
0	7.88
7.6	4.17
0	3.82
0	2.76
5.1	2.25
0	2.62
13.4	2.09
1.5	2.24
0	1.51
0.3	1.37
0.1	1.2
6.7	1.19
11.1	1.53
10.1	7.93
20.8	27.2
35.7	46
1.4	73.8
11.2	16.6
3	14.7
2.4	12.6
7.6	11.5
0	24.6
0	11
0	6.88
0	4.81
0	3.81
7.4	3.23
0.1	3.27
0.5	3.06
14.1	2.81
0	11.5
0	7.76
0	5.19
1.1	4
0	3.4
0	2.86
0	2.35
0	2
0	1.69
0	1.52
0	1.44
0	1.32
0	1.11
0	1.08
0	1.02
0	0.884
0	0.857
0	0.78
0.2	0.77
0.2	0.77
0	0.77
0	0.77
0	0.752
0	0.694
0	0.69
0	0.69
0	0.69
2.9	0.67
16.2	0.687
9.6	1.05
0.4	1.41
11.7	1.5
9	2.57
0.7	5.29
0	4.35
0	3.01
0	2.32
0	1.85
0.9	1.54
0	1.3
0	1.17
0	1.23
0	1.52
0	1.04
1.1	0.97
2.1	0.97
0	0.97
0	0.946
0	0.866
0	0.86
0	0.86
0	0.86
0	0.84
0.2	0.757
0	0.694
0	0.69
0	0.67
6.4	0.713
0	0.86
0.5	0.86
0	0.86
0	0.86
5.3	0.86
1.7	0.96
0.5	1.26
0	1.17
0.1	1.09
0	1.06
0	0.952
0	0.866
0	0.86
0	0.84
0	0.775
0	0.752
0	0.694
0	0.69
0	0.67
0	0.605
0	0.6
0	0.6
0	0.6
0	0.6
0	0.6
0	0.6
0	0.6
0	0.587
2.7	0.557
0	0.597
0	0.6
0	0.6
0	0.6
0	0.587
0	0.543
0	0.54
0	0.54
0	0.54
0	0.54
0	0.54
0	0.54
0	0.54
0	0.54
0.2	0.54
0.6	0.54
5.5	0.584
0	0.713
0.2	0.658
0	0.604
0	0.6
0	0.6
0	0.6
0	0.6
0	0.6
0	0.631
0	0.717
0	0.674
0	0.67
0	0.67
0	0.67
0.2	0.67
0	0.67
0	0.654
0	0.604
0	0.6
0	0.6
0	0.6
0	0.6
0	0.6
6.1	0.616
3.3	0.666
0	0.67
0	0.67
0	0.67
0	0.686
0	0.736
0	0.724
0	0.674
2.5	0.701
5	0.802
0	0.794
0	0.759
0.1	0.826
0	0.915
0	1
0	1.09
0.2	1.26
1	1.64
11.2	1.86
1.3	2.17
1.1	2.93
3.9	2.97
0.1	3.08
0	3.68
0	4.4
0	4.08
0	3.13
0	2.48
0.2	2.32
0	2.31
0.1	2.24
0	2
0	1.85
0	1.75
0	1.71
0.2	1.59
1.1	1.47
0.8	1.36
0	1.25
1.2	1.16
0	1.06
0	0.974
0	0.905
0	0.88
0	0.799
0	0.728
15.7	0.708
1.1	1.01
0	1.74
0	1.81
0	1.47
7.7	1.31
0.1	1.43
0.2	1.8
7.6	1.75
0	2.94
0	3.02
0	2.38
0	1.96
0	1.59
0	1.34
0	1.18
6.5	1.09
0	0.999
0	0.987
0	0.907
26.3	0.876
10.6	12.5
0	14.9
0	6.09
0	3.66
0	2.64
0	2
0	1.59
0.2	1.35
0.4	1.27
26.1	1.83
0.8	17.7
0	9.99
0	5.07
0	3.19
0	2.59
0	1.88
6.5	1.75
25.6	6.86
0	8.66
14.9	6.21
0	14.9
3.1	7.96
1.1	6.53
0	7.7
0	5.73
0	3.82
0	2.6
9	2.1
0	1.71
0	1.45
18.1	1.24
0.2	2.42
0	3.81
0	2.5
0	1.84
0.3	1.57
0.1	1.34
0	1.14
1.4	0.912
39.6	5.45
5.2	28.6
9.5	20.8
0	18.3
0	8.29
0	4.65
1.4	2.85
0.4	2.74
14.4	2.33
0	4.09
0	4.16
0	2.59
0	1.98
0	1.93
0	1.58
0	1.25
0	1.05
49.3	0.989
8.4	53.1
0	17
2	6.99
0	4.88
0	3.18
0	2.24
0	1.71
0	1.43
0	1.28
2.1	1.02
4.5	1.05
0.3	1.42
0	1.31
0	0.979
7.9	0.811
0.8	2.96
3	2.85
0	1.69
0	1.36
0	1.07
4.1	0.9
15	3.27
0	5.02
0	2.12
8.2	1.62
0.5	1.59
0	1.44
0	1.08
11.4	1.5
0	6.03
0	2.76
0	1.79
0	1.37
1.5	1.55
0	1.24
13.6	1.91
0	3.28
0	1.51
0	1.07
0	0.903
0	0.695
0	0.55
0	0.54
0	0.504
0	0.387
0	0.327
1.7	0.32
0	0.322
0	0.404
0.6	0.389
0	0.413
22.6	0.539
22.7	3.86
0	6.85
0	2.41
0	1.26
0	0.954
0	0.771
0.1	0.634
0.7	0.479
0	0.46
0	0.46
0	0.458
2.5	0.391
18.6	0.456
25.2	0.709
20.9	13.4
0	14.9
0	5.18
0.3	2.58
0	1.98
1.9	1.57
1.1	1.29
0	1.14
0	0.957
15.2	0.897
2.8	1.01
0.1	1.84
0.2	1.46
0	1.19
0	1.16
0	1.06
0	0.906
3.7	0.811
0	0.803
7.3	0.889
0	1.05
0.2	1.62
0	2.03
0.2	1.96
0	1.57
10.2	1.21
27.2	5.28
5.6	23.2
0	15.5
0	6.37
0	3.71
0	2.57
0	2.11
0	1.82
0	1.44
0	1.19
0	1.06
0	0.957
0	0.857
0	0.798
0	0.719
0	0.639
0	0.661
0	0.668
14.1	0.633
0	0.79
0.2	0.798
6.4	0.758
1.9	0.838
7.3	0.894
0.1	1.07
13.4	1.3
4.2	2.28
6.9	5.07
3.7	8.73
0	10.5
0	5.2
0.8	3.17
0.1	2.3
0	2.09
0	1.83
10	1.64
10.7	3.03
0	11.4
0	6.65
15.4	4.11
0	7.03
0	4.8
0	3.34
5.2	2.56
3.2	3.07
0	4.66
0	3.88
5	3.11
0	3.77
0	3.32
0	2.62
0	2.26
0	1.96
0	0.17
0	1.55
0	1.3
0	1.2
0	1.12
0	1.09
0	1.01
1.7	0.977
0	0.926
8.3	0.994
0.7	1.02
0	1.13
0	1.16
0	1.01
0	0.977
0	0.881
0	0.805
0	0.8
0	0.78
0	0.716
0	0.711
0	0.711
0	0.693
0	0.635
0.2	0.63
0	0.63
0	0.63
0	0.63
0	0.63
0	0.63
0	0.63
0	0.61
0	0.545
0	0.54
0	0.54
0	0.54
0.2	0.56
0.6	0.625
0	0.63
0	0.61
0	0.545
0	0.522
0	0.464
0	0.478
0	0.536
2.2	0.56
8.3	0.663
0	0.791
0	0.8
0	0.67
0	0.55
0	0.61
0	0.55
0	0.58
0	0.53
0	0.48
0	0.47
0	0.42
0	0.42
0	0.4
0	0.35
2.6	0.35
0	0.35
0	0.39
8.8	0.53
2.8	0.54
0	0.69
0	1.26
0	1.32
1.5	0.78
0	0.74
0	0.56
0	0.53
0	0.48
0	0.45
0	0.36
0	0.37
0	0.42
0	0.4
0	0.34
0	0.31
0	0.31
0	0.3
0	0.26
0	0.28
0	0.35
0	0.35
0	0.35
0	0.37
0	0.4
0	0.35
0.3	0.35
0	0.37
0	0.42
2.2	0.42
3	0.42
0	0.42
0	0.42
0	0.42
0	0.42
0	0.42
0	0.42
0	0.42
0	0.4
1.1	0.35
1.3	0.37
0	0.4
0	0.37
0	0.4
0	0.35
0	0.35
0	0.35
0	0.35
0	0.35
0	0.34
0	0.31
0	0.31
0	0.31
0	0.3
0	0.26
14.7	0.34
0	1.3
0.1	1.84
15.2	1.4
0.9	1.65
0	3.19
0	4.98
0.2	5.54
0.5	4.64
0	4.37
0	2.39
0	1.78
0	1.5
0	1.55
0.7	2.11
0	2.01
1.6	1.18
0	1.11
0	1.09
0	1.04
0	1.03
0	0.96
0.6	0.9
0	0.85
0	0.8
0	0.78
0	0.76
0	0.61
0.2	0.53
2.8	0.5
0.5	0.54
9.2	0.58
0	1.07
0	1.59
0	1.07
0	0.93
0	0.83
0	0.73
0	0.53
0	0.43
0	0.45
0	0.51
0	0.93
0	1.33
23.7	0.49
0.4	1.19
0.4	2.06
0.6	2.17
0	1.09
0	0.78
0	0.5
0	0.48
0	0.42
0	0.4
0	0.34
0	0.3
0	0.25
0	0.21
0	0.21
0	0.21
1.6	0.2
0	0.17
0	0.16
0	0.14
0	0.14
36.4	0.18
2.3	3.68
12.2	1.61
10.3	5.34
0	6.55
0	2.76
0	1.46
0	1.05
11.9	0.34
0.2	0.91
1.8	0.99
0	0.96
0	0.76
0	0.54
1.8	0.47
0.5	0.42
0	0.42
9.2	0.43
2.5	0.54
15.3	0.71
0.5	1.55
0	1.63
4.1	1.09
0	0.8
0	0.7
0.1	0.61
0	0.53
0	0.47
2.4	0.42
52.8	15.3
0	25.9
0	5.97
0	3.28
0	1.6
0	1.18
0	1.01
0	2.8
0	1.39
0	1.24
0.3	1.2
4.4	1.08
0	1.58
0	1.45
0	1.06
0	0.67
0.9	0.52
10.2	0.48
26.5	0.59
0	4.35
0	2.66
0	1.44
0	0.98
0	0.77
24	0.69
10.4	14.1
0	9.62
0	3.87
0	2.21
0	1.44
3.3	1.1
0	1.05
0	1.04
0	0.85
9.2	0.76
0.1	0.97
0	0.95
0	0.7
8.7	0.58
11.5	0.56
0.1	0.77
0	0.84
0	0.71
0	0.72
0	0.51
9.5	0.54
0.1	0.96
0.2	0.8
0	1.71
0	0.89
0	0.61
0.3	0.49
0	0.42
0	0.4
0	0.38
0	0.38
0	0.38
0	0.38
0	0.36
0	0.34
16.4	0.36
0	0.42
0	0.35
0	0.37
22.2	0.43
1.1	1.23
0	0.88
0	0.56
0	0.47
4.3	0.44
1.9	0.46
0.1	0.68
0	0.59
0	0.58
0	0.52
0	0.46
0	0.47
0	0.48
0	0.48
0	0.4
0	0.39
0	0.41
0	0.42
12.7	0.44
28.5	0.65
9.4	1.61
39.3	1.65
15.3	22.1
1	15.6
1.9	5.32
0	3.24
0	2.34
0	1.71
0	1.27
0	1.01
0	0.93
0	0.79
0	0.68
0	0.55
0	0.51
0	0.44
0	0.53
0	0.52
0	0.48
6.6	0.48
3.4	0.48
0	0.48
0	0.48
0	0.48
0	0.45
0	0.42
0	0.41
0	0.41
0	0.41
0	0.42
0	0.41
0	0.42
0	0.41
0	0.41
0.5	0.37
0	0.35
0	0.35
0	0.4
13.1	0.4
6.8	0.5
1	0.6
4.5	0.53
1	0.51
16.5	0.63
6.4	0.89
0.1	1.36
0.3	1.19
0	0.84
0	0.78
17.4	0.78
0.7	1.33
0	1.31
2.1	1
0	0.9
0	0.85
0	0.7
0	0.63
0	0.62
7.5	0.66
0	0.83
7.4	0.97
0	0.95
0	1.08
0.5	0.98
0	0.82
0	0.56
1.1	0.56
0	0.59
0	0.49
0	0.48
0	0.45
0.5	0.37
0	0.39
0	0.32
0	0.31
0	0.31
0	0.3
0	0.28
0	0.35
0.1	0.34
0	0.3
0	0.25
0	0.21
0	0.21
0	0.21
0	0.23
0	0.3
0	0.25
0	0.21
0	0.2
0	0.17
0	0.17
0	0.17
0	0.17
0	0.17
0.6	0.17
0	0.17
0.2	0.17
21.1	0.19
0.4	0.28
0.5	0.35
0	0.38
0	0.47
0	0.45
0	0.35
0	0.31
0	0.31
0	0.31
0	0.31
0.4	0.32
0	0.34
0	0.32
0	0.34
0	0.34
0	0.41
2.1	0.42
0	0.46
0	0.45
0	0.41
0.1	0.4
0	0.35
0	0.32
0	0.36
0	0.36
0	0.36
0	0.36
0	0.36
0	0.36
0	0.37
0.4	0.41
0	0.4
3.3	0.37
7.3	0.42
0	0.46
0	0.53
0	0.47
0	0.46
0	0.46
0	0.45
0	0.41
0	0.4
0	0.37
0	0.41
0	0.41
0	0.4
0	0.35
0	0.3
0	0.27
0	0.27
0	0.29
0	0.34
0	0.28
0	0.26
0	0.24
0	0.27
3.9	0.35
2.7	0.36
0	0.37
0.2	0.41
3.1	0.41
0.1	0.42
0.6	0.46
1.6	0.46
1.4	0.47
0.1	0.52
0.5	0.51
0	0.46
0	0.46
0	0.47
0	0.52
0	0.51
0	0.48
0	0.5
0	0.46
0	0.45
0	0.41
0	0.41
0	0.41
0	0.4
0	0.36
0	0.36
4.3	0.36
6	0.35
0	0.35
0.4	0.45
0	0.46
1.4	0.46
0	0.47
0	0.52
0	0.5
8.1	0.42
14.9	1.08
0	3.17
0	2.3
2.5	1.39
0.5	1.03
0	0.86
1.7	0.76
0	0.71
0	0.58
0.1	0.55
0	0.65
0	0.64
3.7	0.59
21.7	0.69
0	1.47
0	4.91
0	6.12
2	3.8
0	2.68
0	2.12
0	1.61
0	1.19
0.1	1.03
6	0.98
9	1.14
0	3.61
0	3.38
0	2.57
0	2.06
0	1.72
0	1.36
0	1.11
1.7	0.91
0	0.75
0.1	0.83
0	0.75
0	0.67
10.4	0.66
29.6	2.17
0	19.7
0	6.93
0	3.8
0	2.53
0	1.95
4.2	1.6
0.7	1.02
0	2.14
0	1.64
0.9	1.38
0	1.24
0	1.1
0	1.01
0	0.91
0	0.85
36.4	0.94
18.9	40.5
0	22.7
0	7.71
0	4.25
0	2.98
0	2.17
0	1.6
0	1.29
0	1.04
0	0.94
0	0.94
0	0.84
4.3	0.69
28.7	0.77
13.3	9
1.2	22
0	9.69
0	4.89
0	3.02
33.9	21.5
2.3	31
0.3	7.47
0	3.86
0.1	2.59
4.4	2
7.4	2.54
0	4.07
0	2.84
0	1.97
0.1	1.43
9.9	1.21
12.6	1.25
8.3	5.41
1.8	13.5
0	9.25
0	5.05
0	3.19
0.2	2.46
8.2	1.86
0.1	2.56
0.3	2.22
0	1.89
0	1.7
0	1.5
0	1.19
1	1.06
15.2	1.08
0	2.43
0	2.24
0	1.47
0	1.15
0	1.04
1.8	0.89
7.4	0.76
18.1	4.13
0	11
3	4.02
0.2	5.72
0	5.94
7.1	3.52
4.6	2.49
0	2.78
0.7	2.37
0	1.88
0	1.32
0.4	1.02
9.6	1.01
15.2	1.24
2.5	2.57
3.5	5.38
0.1	5.64
0	3.77
0	2.45
0	1.65
0	1.16
0	0.97
0	1
0	0.91
0	0.77
0	0.79
0	0.74
0	0.7
0	0.63
40.9	1.38
1.5	1.9
0	2.92
2	2
0	2.55
0	1.62
8.2	1.02
0	0.83
1	0.72
0.2	6.18
4.3	2.79
0.4	2.39
0	2.67
0	1.82
0	1.2
14.6	0.98
0	0.8
0	0.72
0	0.83
9.2	0.78
0.8	0.71
2.3	0.77
0	0.87
5	0.83
0	0.74
0	0.7
0	0.64
0	0.63
0	0.62
0	0.53
13.2	0.57
13.8	0.77
0.9	1.17
0	0.98
0	0.9
0	0.81
0	0.87
0	0.62
0	0.56
0	0.53
0	0.55
0	0.55
2.5	0.55
1.7	0.56
0	0.68
0	0.7
0	0.54
0	0.52
0	0.58
0	0.58
0	0.52
0	0.51
0	0.49
0	0.51
0	0.49
0	0.45
0	0.45
0	0.44
0	0.42
0	0.42
0	0.39
0	0.33
0	0.33
0	0.31
0	0.31
0	0.31
0	0.29
0	0.29
0	0.27
43.6	0.41
47.7	6.1
0.1	9.49
0	3.25
0	1.98
0	1.27
0.5	1.11
0	0.84
0	0.75
4	0.67
0.2	0.71
0	0.76
0	0.79
0	0.75
0	0.68
0	0.71
0	0.61
0	0.57
20.2	0.6
0.1	1.02
2.2	1.42
8.2	1.22
0	1.55
0	1.71
1.4	2.02
0	1.79
0	1.29
0	1.05
0	0.9
0	0.75
0.7	0.74
0	0.74
0	0.74
0	0.74
0.2	0.72
0	0.67
1.9	0.64
0	0.6
0	0.62
0	0.51
0	0.52
0	0.58
0	0.56
0	0.49
0	0.45
0	0.48
2.9	0.45
3.7	0.5
0.6	0.5
0	0.5
0	0.5
0	0.5
0	0.5
0	0.5
0	0.5
0	0.5
0	0.48
0	0.43
0	0.43
0	0.43
0	0.43
0	0.43
0	0.43
0	0.43
0	0.43
0	0.43
0	0.43
0	0.43
0	0.43
0	0.43
0	0.4
0	0.33
0	0.42
0	0.43
0	0.4
0	0.29
0	0.28
0	0.39
0	0.32
0	0.37
0	0.43
